InputNodes: 9
HiddenNodes: 5
OutputNodes: 1
HiddenLayer:
-0.463508 -0.159781 -0.078573 +0.743412 -0.338739 -0.125570 +1.058547 -0.937422 +0.107795 -0.212074 
-0.697157 +1.134275 +0.479954 -0.652619 +1.444671 +1.911865 +0.054384 +0.169902 -0.630405 -2.591793 
+0.773267 +0.687698 -1.525182 -0.693748 +0.161860 +0.464175 +1.200352 +0.743755 +0.900864 +0.101795 
-0.429333 +1.112370 -0.477661 +0.206074 +0.731788 +1.652200 +0.415577 -0.166819 -0.765649 +2.181131 
-0.807479 +0.318296 +0.586360 -0.348269 +0.684386 +0.880942 -0.150059 -0.445306 +0.466107 -0.139670 
OutputLayer:
-0.104544 -0.415146 -0.002876 -0.525635 -0.540975 +0.014996 
